andy - mac          .7
andy - sandy        .99
mac - sandy         .95
mac - oliver        .95
sandy - oliver      .65
sandy - hunter      .65
sandy - dave        .7
sandy - kevin       .85
oliver - hunter     .5
oliver - dave       .55
oliver - kevin      .75
hunter - dave       .55
hunter - kevin      .7
dave - kevin        .7

andy    2000
mac     1850
sandy   1350
oliver  1250
hunter  1225
dave    1200
kevin   1050


60 -> 12
48 -> 11
40 -> 10
4 -> 1

y = 0.5x^2 + 1.5x

y = 2x^2 - 18x + 76

50 points = .2

60 12
59 11.9278
58 11.8541
57 11.7787
56 11.7016
55 11.6225
54 11.5414
53 11.4580
52 11.3723
51 11.2839
50 11.1926
49 11.0981
48 11
47 10.8979
46 10.7913
45 10.6794
44 10.5616
43 10.4365
42 10.3028
41 10.1583
40 10
39 9.75
38 9.5
37 9.25
36 9
35 8.75
34 8.5
33 8.25
32 8.0
31 7.75
30 7.5
29 7.25
28 7
27 6.75
26 6.5
25 6.25
24 6
23 5.75
22 5.5
21 5.25
20 5
19 4.75
18 4.5
17 4.25
16 4
15 3.75
14 3.5
13 3.25
12 3
11 2.75
10 2.5
9  2.25
8  2
7  1.75
6  1.5
5  1.25
4  1
3  0.75
2  0.5
1  0.25
0  0


